img: [   0    0    0    0    0    0    0    0    0    0    0    0    0    0
    0    0    0    0    0    0    0    0    0    0    0    0    0    0
    0    0    0    0    0    0    0    0    0    0    0    0    0    0
    0    0    0    0    0    0    0    0    0    0    0    0    0    0
 1610 1631 1653 1649    0 1653    0    0    0    0    0    0 3974 4000
 4026 4052 4052 4106 4106 4133 4161 4161 4189 4161 4161 4189 4189 4189
 4189 4189 4189 4217 4217 4189 4189 4189 4189 4189 4217 4246 4276 4305
 4335 4366 4397 4428 4428 4428 4428 4428 4428 4428 4397 4397 4397 4428
 4428 4428 4460 4493 4525 4559 4559 4559 4559 4525 4493 4397 4335 4246
 4217 4189 4133 4106 4079 4079 4079 4079 4079 4079 4079 4079 4106 4133
    0    0    0    0    0    0    0    0    0    0    0    0    0    0
    0 1462 1459 1462 1462 1462 1466 1469 1473 1480 1487 1494 1501 1512
 1527 1527 1527 1527 1527 1523 1523 1520 1520 1512 1512 1516 1520 1523
 1527 1531 1535 1538 1542 1550 1554 1558 1566 1566 1570 1574 1578 1578
 1582 1582 1578 1574 1578 1578 1582 1586 1590 1590 1594 1594 1594 1598
 1594 1590 1594 1590 1590 1586 1586 1578 1578 1578 1578 1582 1582 1586
 1594 1598 1602 1606 1614 1619 1623 1631 1636 1640 1644 1649 1662 1671
 1676 1680 1685 1689 1689 1694 1699 1699 1699 1694 1694 1689 1685 1685
 1680 1676 1671 1671 1667 1667 1667 1667 1658 1658 1662 1662 1667 1667
 1671 1671 1676 1676 1680 1680 1680 1680 1680 1680 1680 1685 1685 1689
 1694 1703 1708 1717 1727 1741 1746 1761 1766 1771 1776 1782 1787 1787
 1787 1787 1787 1782 1782 1782 1776 1776 1771 1776 1776 1776 1782 1787
 1792 1792 1797 1802 1797 1802 1797 1802 1802 1797 1802 1802 1807 1807
 1813 1823 1829 1840 1851 1856 1867 1879 1890 1896 1908 1919 1931 1931
 1931 1931 1931 1925 1919 1919 1913 1913 1908 1908 1908 1908 1908 1908
 1908 1913 1919 1925 1931 1943 1950 1962 1974 1981 1987 1993 2000 2000
 2006 2006 2006 2006 2006 2006 2013 2013 2006 2013 2013 2013 2013 2013
 2019 2019 2019 2026 2026 2026 2019 2019 2013 2019 2019 2026 2033 2039
 2039 2046 2060 2067 2067 2073 2080 2087 2094 2102 2109 2109 2109 2116
 2123 2123 2123 2130 2130 2130 2130 2138 2145 2145 2153 2160 2168 2175
 2183 2191 2198 2206 2214 2222 2222 2230 2230 2230 2238 2238 2238 2238
 2246 2254 2263 2271 2288 2296 2305 2313 2331 2339 2357 2366 2375 2384
 2394 2403 2412 2422 2431 2441 2460 2470 2490 2500 2510 2520 2530 2551
 2562 2562 2572 2572 2583 2583 2594 2594 2627 2719 2857 2981 3084 3212
 3333 3523 3712 3780 3757 3735 3735 3690 3668 3626 3584 3543 3503 3425
 3388 3315 3263 3212 3196 3179 3163 3147 3147 3163 3163 3163 3163 3147
 3115 3100 3084 3069 3054 3039 3024 3054 3084 3131 3196 3229 3280 3333
 3388 3464 3523 3543 3604 3626 3647 3647 3647 3647 3626 3626 3604 3543
 3523 3503 3483 3464 3444 3444 3425 3425 3425 3425 3406 3406 3406 3388
 3388 3388 3388 3388 3388 3369 3351 3351 3333 3333 3315 3298 3280 3263
 3246 3246 3229 3229 3229 3229 3212 3212 3229 3229 3229 3229 3229 3229
 3229 3229 3229 3229 3229 3229 3212 3212 3196 3179 3163 3147 3147 3131
 3115 3100 3084 3054 3039 3039 3024 3010 3010 2995 2995 2981 2981 2966
 2952 2952 2952 2938 2938 2938 2938 2938 2938 2952 2952 2952 2966 2966
 2981 2981 2995 2995 2995 3010 3010 2995 2995 2966 2952 2938 2911 2897
 2870 2857 2844 2831 2831 2818 2818 2818 2818 2818]
len: 480